"最终结果(起始节点为"    "1"    ")"

     1     9    19    16    17    18    17    16    20    11    12    13    14    15     1

     1     2     6     3     4    21     7     5    10     8    21     7     1

    "时间："    "282.2333"

    "最终结果(起始节点为"    "2"    ")"

     2     6    12    13    14    15    21     7    10     5     2

     2     1    16    17    18    17    16    19     9     6     3     4     9     8    20    11     6     2

    "时间："    "338.6467"

    "最终结果(起始节点为"    "3"    ")"

     3    12    13    14    15     7     1    16    17    18    17    16     3

     3    20     8    21    19    10     9     5     2     6    11     4     3

    "时间："    "296.6933"

    "最终结果(起始节点为"    "4"    ")"

     4     6    13    12    11     1     2     5    10     7    21     4

     4     3     8    19     9    20    16    17    18    17    16    14    15     4

    "时间："    "306.2067"

     起始点5
     5     11    15     4     3    16    17    18    17    16    20     8    10     5     
     5      6     9    19    14    13    12     6     2     1    21     7      5
     时间  317.5133s

    "最终结果(起始节点为"    "6"    ")"

     6     3     4     9    10     7    21    19    12    13    11     6

     6     5     1     2     1    20     8    16    17    18    17    16    15    14     6

    "时间："    "284.46"

    "最终结果(起始节点为"    "7"    ")"

     7     5     2     1    10    11    12    13    14    15    10     7

     7     1     6     3     4    19     9    16    17    18    17    16    20     8    21     7

    "时间："    "281.5533"

    "最终结果(起始节点为"    "8"    ")"

     8    15     1     5     2     6     4     3    12     8

     8    14    13    11    20    21     7    10     9    16    17    18    17    16    19    20     8

    "时间："    "320.7"

    "最终结果(起始节点为"    "9"    ")"

     9    10     4    11     7    21     8    20    19    16    17    18    17    16     9

     9     1     5     2     6     3    12    13    14    15    10     9

    "时间："    "274.4333"

    "最终结果(起始节点为"    "10"    ")"

    10    11     3     4     6     2     5    14    13    12     1    10

    10     7    21    15    19    20     8    16    17    18    17    16     9    10

    "时间："    "294.7867"

    "最终结果(起始节点为"    "11"    ")"

    11     7    21    20    16    17    18    17    16    19     8    10     9    11

    11    15     1     5     2     6     4     3    12    13    14    11

    "时间："    "247.5067"

    "最终结果(起始节点为"    "12"    ")"

    12    13     6     2     1     5    15    11     4     3    15    14    12

    12    19    16    17    18    17    16     9    20     8    21     7    10    11    12

    "时间："    "322.1733"

    "最终结果(起始节点为"    "13"    ")"

    13    19     9    20    16    17    18    17    16     4     3     4     6    12    13

    13    11    15     8    21     7     1     2     5    10    14    12    13

    "时间："    "335.0467"

    "最终结果(起始节点为"    "14"    ")"

    14     1     2     6    13    12     3     4     9    10    15    14

    14    19    20    16    17    18    17    16     8    21     7    10     1    10     5    11    14

    "时间："    "343.2667"

    "最终结果(起始节点为"    "15"    ")"

    15    13    12    16    17    18    17    16    21     7     5     2     6     4    15

    15    10     8    20    19     9     1     3    11    14     1     2     1    15

    "时间："    "341.7733"

    "最终结果(起始节点为"    "16"    ")"

    16    17    18    17    16    11    12    13    14    19    20     8    21    16

    16     9    15     3     4     6     2     1    10     7    10     5    16

    "时间："    "284.9933"

"最终结果(起始节点为"    "17"    ")"

    17    16     3     4    19    20     8     9    11    12    13    14     1    16    17

    17    18    17    16    10     5     2     6    21     7    15    16    17

    "时间："    "365.7"

    "最终结果(起始节点为"    "18"    ")"

    18    17    16    19    14    15     7    10     9     8    21    20    16    17    18

    18    17    16     3     4     6     2     5     1    11    13    12    16    17    18

    "时间："    "317.2267"


    "最终结果(起始节点为"    "19"    ")"

    19    14    13    12     3     4     6     2     5     7    21     9    19

    19    11    15     1    16    17    18    17    16    10     8    20    19

    "时间："    "257.7867"

    "最终结果(起始节点为"    "20"    ")"

    20    21     7     3     4    11     6     2     5    10    20

    20     8     9    19    16    17    18    17    16     1    15    14    13    12    20

    "时间："    "277.6467"

    "最终结果(起始节点为"    "21"    ")"

    21     4    11    12    13    14    15    19     9     8    20    21

    21    16    17    18    17    16     3     6     2     5     1    10     7    21

    "时间："    "298.1667"